Train_MAE: 3589714.5251528434
Train_MSE: 25405056186142.71
Train_RMSE: 5040342.863947125
Train_R2_Score: 0.8874357813432178
Train_Adj-R2_Score: 0.8831963497314688
